8c0b0034
200d0030
20100001
20110000
20120010
20130011
200c0000
11acfffe
8d880000
ac087ff0
218c0004
200a0000
114bfffa
214a0001
08000c0f
8c097ff4
11310004
11320005
11330006
00105820
08000c0c
8c0b0030
08000c0c
8c0b0038
08000c0c
8c0b003c
08000c0c
00000000
00000000
00000000
00000000
00000000
00000000
00000000
00000000
00000000
00000000
00000000
00000000
00000000
00000000
00000000
00000000
00000000
00000000
00000000
00000000
00000000
00000000
00000000
00000000
00000000
00000000
00000000
00000000
00000000
00000000
00000000
00000000
00000000
00000000
00000000
00000000
00000000