00000000
00000000
00200000
04200000
06200000
07200000
07300000
07340000
07360000
07370000
07372000
07372800
07372c00
07372e00
07372e20
07372e30
07372e38
07372e38
001e8484
00000000
00000000
00000000
00000000
00000000
00000000
00000000
00000000
00000000
00000000
00000000
00000000
00000000
00000000
00000000
00000000
00000000
00000000
00000000
00000000
00000000
00000000
00000000
00000000
00000000
00000000
00000000
00000000
00000000
00000000
00000000
00000000
00000000
00000000
00000000
00000000
00000000
00000000
00000000
00000000
00000000
00000000
00000000
00000000
00000000